0.010755 0.048823 0.110816 0.167682 0.190297 0.172770 0.130714 0.084768 0.048100 0.024261 0.011013 0.136539 0.271870 0.270667 0.179647 0.089426 0.035612 0.011818 0.003362 0.000837 0.000185 0.000037 
0.003292 0.018928 0.054419 0.104302 0.149935 0.172425 0.165240 0.135733 0.097558 0.062329 0.035839 0.097981 0.227612 0.264372 0.204713 0.118888 0.055235 0.021385 0.007097 0.002061 0.000532 0.000124 
0.002462 0.014902 0.045098 0.090987 0.137677 0.166662 0.168124 0.145370 0.109984 0.073966 0.044769 0.078538 0.199819 0.254195 0.215578 0.137121 0.069774 0.029587 0.010754 0.003420 0.000967 0.000246 
0.026510 0.096275 0.174815 0.211618 0.192127 0.139545 0.084461 0.043818 0.019891 0.008026 0.002915 0.087722 0.213483 0.259770 0.210728 0.128208 0.062402 0.025311 0.008800 0.002677 0.000724 0.000176 
0.001142 0.007846 0.026944 0.061687 0.105924 0.145506 0.166566 0.163435 0.140317 0.107084 0.073550 0.000716 0.005283 0.019488 0.047930 0.088411 0.130465 0.160435 0.169106 0.155965 0.127862 0.094341 
0.011184 0.050326 0.113234 0.169851 0.191082 0.171974 0.128980 0.082916 0.046640 0.023320 0.010494 0.004885 0.026099 0.069722 0.124172 0.165861 0.177236 0.157826 0.120465 0.080454 0.047762 0.025519 
0.008851 0.041924 0.099293 0.156778 0.185658 0.175886 0.138858 0.093964 0.055637 0.029282 0.013871 0.002985 0.017465 0.051102 0.099678 0.145824 0.170666 0.166449 0.139146 0.101781 0.066178 0.038726 
0.058314 0.165733 0.235516 0.223120 0.158533 0.090113 0.042685 0.017331 0.006157 0.001944 0.000553 0.003815 0.021354 0.059763 0.111505 0.156033 0.174674 0.162952 0.130300 0.091167 0.056699 0.031736 
0.007102 0.035227 0.087373 0.144472 0.179164 0.177749 0.146955 0.104139 0.064573 0.035591 0.017655 0.000105 0.001010 0.004861 0.015594 0.037520 0.072217 0.115835 0.159255 0.191582 0.204863 0.197158 
0.076864 0.197218 0.253010 0.216390 0.138803 0.071228 0.030459 0.011165 0.003581 0.001021 0.000262 0.002656 0.015864 0.047381 0.094343 0.140889 0.168318 0.167574 0.142999 0.106775 0.070868 0.042333 
0.032706 0.111888 0.191388 0.218250 0.186661 0.127715 0.072820 0.035589 0.015219 0.005785 0.001979 0.000569 0.004346 0.016586 0.042200 0.080525 0.122925 0.156376 0.170511 0.162684 0.137969 0.105308 
0.128398 0.263554 0.270489 0.185072 0.094971 0.038988 0.013338 0.003911 0.001004 0.000229 0.000047 0.000768 0.005608 0.020470 0.049817 0.090926 0.132768 0.161555 0.168499 0.153774 0.124743 0.091073 
0.003376 0.019326 0.055308 0.105521 0.150993 0.172847 0.164887 0.134823 0.096461 0.061346 0.035112 0.000063 0.000650 0.003336 0.011415 0.029296 0.060148 0.102907 0.150913 0.193650 0.220879 0.226743 
0.051805 0.153371 0.227029 0.224042 0.165820 0.098183 0.048446 0.020489 0.007582 0.002494 0.000738 0.001818 0.011585 0.036909 0.078391 0.124870 0.159126 0.168984 0.153816 0.122508 0.086731 0.055262 
0.023559 0.088346 0.165648 0.207060 0.194119 0.145589 0.090993 0.048746 0.022850 0.009521 0.003570 0.000681 0.005062 0.018816 0.046624 0.086647 0.128820 0.159600 0.169487 0.157488 0.130078 0.096695 
0.093632 0.221760 0.262611 0.207324 0.122758 0.058148 0.022953 0.007766 0.002299 0.000605 0.000143 0.000496 0.003863 0.015040 0.039042 0.076011 0.118389 0.153662 0.170951 0.166413 0.143995 0.112138 
0.000083 0.000822 0.004078 0.013486 0.033448 0.066368 0.109739 0.155533 0.192881 0.212621 0.210942 0.003216 0.018568 0.053608 0.103183 0.148954 0.172022 0.165552 0.136565 0.098571 0.063243 0.036518 
0.006005 0.030814 0.079062 0.135237 0.173495 0.178061 0.152289 0.111641 0.071612 0.040831 0.020953 0.027797 0.099625 0.178531 0.213290 0.191111 0.136991 0.081831 0.041898 0.018771 0.007475 0.002679 
0.001611 0.010472 0.034035 0.073743 0.119832 0.155781 0.168763 0.156708 0.127326 0.091957 0.059772 0.015337 0.064132 0.134080 0.186882 0.195358 0.163374 0.113856 0.068011 0.035548 0.016516 0.006906 
0.001170 0.008009 0.027398 0.062487 0.106885 0.146264 0.166792 0.163030 0.139434 0.106002 0.072528 0.010336 0.047337 0.108394 0.165469 0.189447 0.173520 0.132444 0.086649 0.049603 0.025240 0.011559 
