0.048757 0.149105 0.227990 0.232406 0.177680 0.108673 0.033009 0.114758 0.199483 0.231173 0.200923 0.139705 
0.069346 0.186474 0.250716 0.224727 0.151074 0.081249 0.096057 0.226058 0.266001 0.208667 0.122768 0.057784 
0.089537 0.217163 0.263353 0.212911 0.129099 0.062623 0.049193 0.149974 0.228612 0.232323 0.177071 0.107967 
0.051251 0.154029 0.231458 0.231874 0.174217 0.104718 0.033009 0.114758 0.199483 0.231173 0.200923 0.139705 
0.046392 0.144318 0.224475 0.232768 0.181025 0.112628 0.038285 0.126959 0.210507 0.232689 0.192907 0.127941 
0.069346 0.186474 0.250716 0.224727 0.151074 0.081249 0.051748 0.154995 0.232121 0.231751 0.173536 0.103955 
0.110058 0.243723 0.269862 0.199202 0.110283 0.048844 0.046772 0.145094 0.225054 0.232720 0.180485 0.111979 
0.104510 0.236946 0.268604 0.202995 0.115058 0.052172 0.046772 0.145094 0.225054 0.232720 0.180485 0.111979 
0.080809 0.204515 0.258798 0.218326 0.138137 0.069921 0.057289 0.165464 0.238950 0.230048 0.166109 0.095952 
0.038086 0.126513 0.210122 0.232656 0.193206 0.128356 0.063461 0.176502 0.245450 0.227554 0.158222 0.088012 
0.044149 0.139667 0.220922 0.232967 0.184251 0.116578 0.033009 0.114758 0.199483 0.231173 0.200923 0.139705 
0.053881 0.159092 0.234871 0.231164 0.170637 0.100767 0.021375 0.084602 0.167425 0.220887 0.218566 0.173015 
0.042021 0.135150 0.217341 0.233010 0.187357 0.120518 0.060292 0.170912 0.242247 0.228904 0.162221 0.091972 
0.056654 0.164292 0.238218 0.230272 0.166943 0.096824 0.057289 0.165464 0.238950 0.230048 0.166109 0.095952 
0.031355 0.110764 0.195645 0.230381 0.203464 0.143753 0.029929 0.107253 0.192174 0.229556 0.205657 0.147397 
0.069346 0.186474 0.250716 0.224727 0.151074 0.081249 0.031428 0.110944 0.195821 0.230420 0.203350 0.143568 
0.048757 0.149105 0.227990 0.232406 0.177680 0.108673 0.046772 0.145094 0.225054 0.232720 0.180485 0.111979 
0.023125 0.089482 0.173122 0.223295 0.216006 0.167165 0.028817 0.104465 0.189352 0.228810 0.207368 0.150348 
0.035343 0.120252 0.204575 0.232018 0.197357 0.134299 0.074492 0.194787 0.254671 0.221977 0.145110 0.075889 
0.048264 0.148117 0.227276 0.232493 0.178373 0.109480 0.035836 0.121393 0.205606 0.232159 0.196607 0.133199 
0.024547 0.093347 0.177486 0.224977 0.213881 0.162666 0.023261 0.089855 0.173549 0.223466 0.215805 0.166725 
0.021792 0.085778 0.168818 0.221498 0.217962 0.171587 0.027304 0.100605 0.185345 0.227640 0.209689 0.154524 
0.035343 0.120252 0.204575 0.232018 0.197357 0.134299 0.037865 0.126015 0.209691 0.232618 0.193539 0.128820 
0.062212 0.174318 0.244220 0.228102 0.159786 0.089544 0.033924 0.116930 0.201522 0.231540 0.199522 0.137545 
0.058366 0.167435 0.240163 0.229654 0.164703 0.094498 0.033924 0.116930 0.201522 0.231540 0.199522 0.137545 
0.042574 0.136336 0.218293 0.233013 0.186544 0.119474 0.042302 0.135753 0.217826 0.233013 0.186944 0.119986 
0.017242 0.072466 0.152289 0.213357 0.224185 0.188451 0.047298 0.146166 0.225848 0.232646 0.179737 0.111088 
0.020543 0.082230 0.164579 0.219596 0.219753 0.175929 0.023261 0.089855 0.173549 0.223466 0.215805 0.166725 
0.026065 0.097379 0.181905 0.226533 0.211582 0.158095 0.014581 0.064123 0.140998 0.206690 0.227242 0.199870 
0.019371 0.078833 0.160409 0.217599 0.221384 0.180188 0.044726 0.140874 0.221857 0.232930 0.183416 0.115542 
0.027685 0.101585 0.186373 0.227952 0.209106 0.153454 0.042302 0.135753 0.217826 0.233013 0.186944 0.119986 
0.013713 0.061295 0.136990 0.204110 0.228086 0.203903 0.020930 0.083338 0.165915 0.220209 0.219203 0.174562 
0.035343 0.120252 0.204575 0.232018 0.197357 0.134299 0.022062 0.086534 0.169706 0.221880 0.217570 0.170675 
0.023125 0.089482 0.173122 0.223295 0.216006 0.167165 0.033924 0.116930 0.201522 0.231540 0.199522 0.137545 
0.018549 0.076406 0.157361 0.216062 0.222494 0.183294 0.027280 0.100542 0.185278 0.227619 0.209727 0.154593 
0.018549 0.076406 0.157361 0.216062 0.222494 0.183294 0.021965 0.086263 0.169388 0.221744 0.217711 0.171001 
0.040082 0.130943 0.213886 0.232911 0.190222 0.124286 0.034017 0.117150 0.201726 0.231575 0.199380 0.137329 
0.019741 0.079913 0.161746 0.218253 0.220875 0.178823 0.021965 0.086263 0.169388 0.221744 0.217711 0.171001 
0.017436 0.073058 0.153061 0.213781 0.223940 0.187667 0.025832 0.096765 0.181240 0.226308 0.211938 0.158784 
0.028901 0.104678 0.189569 0.228870 0.207239 0.150122 0.035968 0.121696 0.205878 0.232195 0.196407 0.132908 
0.052361 0.156182 0.232928 0.231592 0.172697 0.103024 0.032179 0.112765 0.197582 0.230797 0.202197 0.141712 
0.048956 0.149502 0.228275 0.232369 0.177402 0.108350 0.032179 0.112765 0.197582 0.230797 0.202197 0.141712 
0.035133 0.119764 0.204131 0.231954 0.197677 0.134772 0.040240 0.131289 0.214174 0.232925 0.189987 0.123972 
0.013663 0.061130 0.136754 0.203954 0.228132 0.204140 0.045060 0.141570 0.222392 0.232904 0.182935 0.114949 
0.016396 0.069863 0.148848 0.211420 0.225221 0.191939 0.021965 0.086263 0.169388 0.221744 0.217711 0.171001 
0.021017 0.083586 0.166212 0.220344 0.219079 0.174258 0.013699 0.061251 0.136927 0.204068 0.228098 0.203967 
0.015423 0.066815 0.144725 0.208989 0.226343 0.196110 0.042577 0.136342 0.218298 0.233013 0.186540 0.119469 
0.022384 0.087431 0.170754 0.222323 0.217100 0.169599 0.040240 0.131289 0.214174 0.232925 0.189987 0.123972 
0.010771 0.051253 0.121937 0.193403 0.230065 0.218941 0.019740 0.079911 0.161744 0.218252 0.220876 0.178825 
0.028901 0.104678 0.189569 0.228870 0.207239 0.150122 0.020820 0.083025 0.165538 0.220038 0.219360 0.174947 
0.018549 0.076406 0.157361 0.216062 0.222494 0.183294 0.032179 0.112765 0.197582 0.230797 0.202197 0.141712 
0.043354 0.137992 0.219610 0.233000 0.185406 0.118027 0.035968 0.121696 0.205878 0.232195 0.196407 0.132908 
0.043354 0.137992 0.219610 0.233000 0.185406 0.118027 0.029341 0.105784 0.190694 0.229173 0.206562 0.148946 
0.062404 0.174656 0.244413 0.228019 0.159544 0.089306 0.088225 0.215317 0.262746 0.213747 0.130415 0.063657 
0.045646 0.142784 0.223318 0.232850 0.182092 0.113918 0.029341 0.105784 0.190694 0.229173 0.206562 0.148946 
0.041184 0.133345 0.215873 0.232984 0.188589 0.122123 0.034172 0.117516 0.202066 0.231631 0.199142 0.136968 
0.062404 0.174656 0.244413 0.228019 0.159544 0.089306 0.046597 0.144738 0.224789 0.232742 0.180733 0.112277 
0.100724 0.232157 0.267547 0.205554 0.118444 0.054600 0.041989 0.135083 0.217286 0.233009 0.187402 0.120578 
0.095460 0.225263 0.265783 0.209061 0.123333 0.058207 0.041989 0.135083 0.217286 0.233009 0.187402 0.120578 
0.073117 0.192601 0.253669 0.222734 0.146679 0.077275 0.051748 0.154995 0.232121 0.231751 0.173536 0.103955 
0.033599 0.116162 0.200805 0.231415 0.200019 0.138306 0.057506 0.165862 0.239197 0.229970 0.165825 0.095657 
0.039129 0.128841 0.212116 0.232810 0.191642 0.126204 0.029341 0.105784 0.190694 0.229173 0.206562 0.148946 
0.048069 0.147723 0.226990 0.232526 0.178648 0.109803 0.018787 0.077110 0.158252 0.216518 0.222177 0.182387 
0.037184 0.124477 0.208347 0.232485 0.194565 0.130263 0.054546 0.160352 0.235697 0.230963 0.169743 0.099800 
0.050628 0.152811 0.230614 0.232020 0.175076 0.105686 0.051748 0.154995 0.232121 0.231751 0.173536 0.103955 
0.027497 0.101101 0.185866 0.227799 0.209395 0.153982 0.026533 0.098605 0.183221 0.226967 0.210869 0.156730 
0.062404 0.174656 0.244413 0.228019 0.159544 0.089306 0.027899 0.102132 0.186944 0.228122 0.208778 0.152860 
0.043354 0.137992 0.219610 0.233000 0.185406 0.118027 0.041989 0.135083 0.217286 0.233009 0.187402 0.120578 
0.069707 0.187068 0.251012 0.224542 0.150648 0.080857 0.030448 0.108538 0.193455 0.229872 0.204859 0.146054 
0.069707 0.187068 0.251012 0.224542 0.150648 0.080857 0.024641 0.093598 0.177765 0.225079 0.213741 0.162378 
0.095460 0.225263 0.265783 0.209061 0.123333 0.058207 0.077701 0.199793 0.256862 0.220156 0.141521 0.072778 
0.119780 0.254940 0.271308 0.192485 0.102422 0.043599 0.037761 0.125780 0.209486 0.232599 0.193696 0.129040 
0.066670 0.182003 0.248426 0.226060 0.154281 0.084235 0.028869 0.104597 0.189486 0.228847 0.207288 0.150208 
0.095460 0.225263 0.265783 0.209061 0.123333 0.058207 0.039870 0.130477 0.213496 0.232892 0.190537 0.124709 
0.143786 0.279423 0.271505 0.175875 0.085446 0.033210 0.035771 0.121242 0.205470 0.232141 0.196706 0.133344 
0.137356 0.273283 0.271862 0.180299 0.089681 0.035686 0.035771 0.121242 0.205470 0.232141 0.196706 0.133344 
0.109363 0.242889 0.269722 0.199680 0.110869 0.049247 0.044477 0.140354 0.221456 0.232947 0.183776 0.115987 
0.055847 0.162792 0.237269 0.230546 0.168010 0.097950 0.049656 0.150893 0.229266 0.232231 0.176425 0.107224 
0.063771 0.177041 0.245749 0.227415 0.157837 0.087637 0.024641 0.093598 0.177765 0.225079 0.213741 0.162378 
0.076225 0.197506 0.255879 0.221003 0.143161 0.074189 0.015525 0.067138 0.145168 0.209256 0.226229 0.195662 
0.061006 0.172185 0.242992 0.228612 0.161311 0.091059 0.046990 0.145540 0.225385 0.232690 0.180174 0.111608 
0.079720 0.202873 0.258140 0.218974 0.139313 0.070906 0.044477 0.140354 0.221456 0.232947 0.183776 0.115987 
0.046865 0.145284 0.225195 0.232707 0.180352 0.111821 0.022198 0.086915 0.170152 0.222069 0.217371 0.170217 
0.095460 0.225263 0.265783 0.209061 0.123333 0.058207 0.023385 0.090194 0.173936 0.223619 0.215621 0.166327 
0.069707 0.187068 0.251012 0.224542 0.150648 0.080857 0.035771 0.121242 0.205470 0.232141 0.196706 0.133344 
0.038585 0.127629 0.211082 0.232736 0.192458 0.127320 0.045060 0.141570 0.222392 0.232904 0.182935 0.114949 
0.038585 0.127629 0.211082 0.232736 0.192458 0.127320 0.037175 0.124457 0.208329 0.232483 0.194578 0.130283 
0.056191 0.163434 0.237676 0.230430 0.167554 0.097467 0.104612 0.237074 0.268631 0.202925 0.114968 0.052109 
0.073881 0.193819 0.254231 0.222315 0.145805 0.076500 0.054752 0.160741 0.235950 0.230899 0.169467 0.099504 
0.040690 0.132272 0.214990 0.232957 0.189320 0.123085 0.037175 0.124457 0.208329 0.232483 0.194578 0.130283 
0.056191 0.163434 0.237676 0.230430 0.167554 0.097467 0.057506 0.165862 0.239197 0.229970 0.165825 0.095657 
0.092207 0.220860 0.264510 0.211190 0.126464 0.060583 0.052138 0.155751 0.232636 0.231651 0.173002 0.103361 
0.087221 0.213892 0.262263 0.214382 0.131432 0.064462 0.052138 0.155751 0.232636 0.231651 0.173002 0.103361 
0.066189 0.181188 0.247996 0.226292 0.154865 0.084787 0.063461 0.176502 0.245450 0.227554 0.158222 0.088012 
0.029676 0.106621 0.191539 0.229394 0.206047 0.148061 0.070070 0.187664 0.251307 0.224355 0.150220 0.080466 
0.034716 0.118793 0.203244 0.231820 0.198311 0.135716 0.037175 0.124457 0.208329 0.232483 0.194578 0.130283 
0.042919 0.137070 0.218879 0.233010 0.186040 0.118831 0.024358 0.092837 0.176917 0.224766 0.214166 0.163253 
0.032941 0.114595 0.199328 0.231144 0.201028 0.139869 0.066679 0.182019 0.248434 0.226056 0.154270 0.084224 
0.045278 0.142023 0.222739 0.232885 0.182620 0.114563 0.063461 0.176502 0.245450 0.227554 0.158222 0.088012 
0.024148 0.092270 0.176284 0.224528 0.214481 0.163907 0.033800 0.116638 0.201250 0.231493 0.199711 0.137834 
0.056191 0.163434 0.237676 0.230430 0.167554 0.097467 0.035445 0.120488 0.204789 0.232048 0.197202 0.134071 
0.038585 0.127629 0.211082 0.232736 0.192458 0.127320 0.052138 0.155751 0.232636 0.231651 0.173002 0.103361 
0.021876 0.086012 0.169094 0.221617 0.217841 0.171304 0.017760 0.074040 0.154334 0.214469 0.223527 0.186374 
0.021876 0.086012 0.169094 0.221617 0.217841 0.171304 0.014038 0.062360 0.138510 0.205102 0.227781 0.202375 
0.033599 0.116162 0.200805 0.231415 0.200019 0.138306 0.051168 0.153867 0.231346 0.231894 0.174332 0.104847 
0.046064 0.143645 0.223969 0.232806 0.181493 0.113193 0.022593 0.088013 0.171429 0.222604 0.216792 0.168905 
0.023236 0.089787 0.173472 0.223435 0.215841 0.166805 0.014038 0.062360 0.138510 0.205102 0.227781 0.202375 
0.020601 0.082399 0.164782 0.219690 0.219670 0.175721 0.016737 0.070920 0.150253 0.212221 0.224809 0.190516 
0.059578 0.169631 0.241488 0.229188 0.163136 0.092896 0.021263 0.084284 0.167047 0.220719 0.218727 0.173402 
0.055847 0.162792 0.237269 0.230546 0.168010 0.097950 0.021263 0.084284 0.167047 0.220719 0.218727 0.173402 
0.040568 0.132005 0.214769 0.232949 0.189501 0.123325 0.027158 0.100227 0.184946 0.227516 0.209914 0.154939 
0.016259 0.069439 0.148281 0.211092 0.225384 0.192514 0.030752 0.109289 0.194198 0.230050 0.204390 0.145274 
0.019408 0.078940 0.160542 0.217665 0.221334 0.180052 0.014038 0.062360 0.138510 0.205102 0.227781 0.202375 
0.024690 0.093730 0.177911 0.225133 0.213666 0.162227 0.008441 0.042688 0.107945 0.181973 0.230077 0.232718 
0.018290 0.075632 0.156377 0.215551 0.222837 0.184296 0.028895 0.104662 0.189553 0.228865 0.207248 0.150138 
0.026243 0.097845 0.182407 0.226700 0.211312 0.157574 0.027158 0.100227 0.184946 0.227516 0.209914 0.154939 
0.012902 0.058601 0.133082 0.201484 0.228783 0.207825 0.012506 0.057267 0.131112 0.200120 0.229087 0.209798 
0.033599 0.116162 0.200805 0.231415 0.200019 0.138306 0.013248 0.059755 0.134768 0.202630 0.228498 0.206135 
0.021876 0.086012 0.169094 0.221617 0.217841 0.171304 0.021263 0.084284 0.167047 0.220719 0.218727 0.173402 
0.034374 0.117990 0.202504 0.231703 0.198834 0.136502 0.017760 0.074040 0.154334 0.214469 0.223527 0.186374 
0.034374 0.117990 0.202504 0.231703 0.198834 0.136502 0.014038 0.062360 0.138510 0.205102 0.227781 0.202375 
0.050628 0.152811 0.230614 0.232020 0.175076 0.105686 0.051168 0.153867 0.231346 0.231894 0.174332 0.104847 
0.067154 0.182820 0.248853 0.225824 0.153695 0.083683 0.022593 0.088013 0.171429 0.222604 0.216792 0.168905 
0.036305 0.122472 0.206572 0.232283 0.195895 0.132166 0.014038 0.062360 0.138510 0.205102 0.227781 0.202375 
0.032552 0.113664 0.198443 0.230971 0.201624 0.140804 0.016737 0.070920 0.150253 0.212221 0.224809 0.190516 
0.050628 0.152811 0.230614 0.232020 0.175076 0.105686 0.024014 0.091909 0.175877 0.224373 0.214681 0.164326 
0.079720 0.202873 0.258140 0.218974 0.139313 0.070906 0.021263 0.084284 0.167047 0.220719 0.218727 0.173402 
0.059947 0.170295 0.241882 0.229042 0.162662 0.092417 0.027158 0.100227 0.184946 0.227516 0.209914 0.154939 
0.026243 0.097845 0.182407 0.226700 0.211312 0.157574 0.030752 0.109289 0.194198 0.230050 0.204390 0.145274 
0.030834 0.109490 0.194396 0.230096 0.204264 0.145066 0.014038 0.062360 0.138510 0.205102 0.227781 0.202375 
0.038354 0.127113 0.210639 0.232700 0.192804 0.127798 0.008441 0.042688 0.107945 0.181973 0.230077 0.232718 
0.029214 0.105465 0.190371 0.229087 0.206758 0.149284 0.028895 0.104662 0.189553 0.228865 0.207248 0.150138 
0.040527 0.131917 0.214696 0.232946 0.189561 0.123405 0.027158 0.100227 0.184946 0.227516 0.209914 0.154939 
0.021238 0.084214 0.166964 0.220682 0.218762 0.173488 0.012506 0.057267 0.131112 0.200120 0.229087 0.209798 
0.050628 0.152811 0.230614 0.232020 0.175076 0.105686 0.013248 0.059755 0.134768 0.202630 0.228498 0.206135 
0.034374 0.117990 0.202504 0.231703 0.198834 0.136502 0.021263 0.084284 0.167047 0.220719 0.218727 0.173402 
0.020700 0.082680 0.165122 0.219847 0.219531 0.175373 0.015995 0.068616 0.147174 0.210447 0.225693 0.193634 
0.020700 0.082680 0.165122 0.219847 0.219531 0.175373 0.012590 0.057549 0.131531 0.200413 0.229025 0.209378 
0.031947 0.112205 0.197043 0.230685 0.202552 0.142281 0.047122 0.145808 0.225584 0.232672 0.179987 0.111385 
0.043971 0.139293 0.220631 0.232976 0.184509 0.116900 0.020442 0.081939 0.164226 0.219432 0.219896 0.176290 
0.022002 0.086365 0.169508 0.221795 0.217658 0.170879 0.012590 0.057549 0.131531 0.200413 0.229025 0.209378 
0.019481 0.079155 0.160809 0.217796 0.221233 0.179780 0.015058 0.065653 0.143127 0.208016 0.226742 0.197723 
0.031947 0.112205 0.197043 0.230685 0.202552 0.142281 0.021754 0.085670 0.168690 0.221442 0.218018 0.171718 
0.057062 0.165047 0.238690 0.230129 0.166406 0.096262 0.019215 0.078375 0.159838 0.217316 0.221597 0.180770 
0.038662 0.127801 0.211230 0.232747 0.192342 0.127161 0.024663 0.093656 0.177830 0.225103 0.213708 0.162311 
0.015338 0.066544 0.144355 0.208765 0.226437 0.196484 0.027999 0.102389 0.187211 0.228201 0.208624 0.152582 
0.018341 0.075786 0.156573 0.215653 0.222769 0.184096 0.012590 0.057549 0.131531 0.200413 0.229025 0.209378 
0.023393 0.090217 0.173962 0.223630 0.215608 0.166300 0.007508 0.039074 0.101670 0.176364 0.229448 0.238809 
0.017274 0.072565 0.152417 0.213428 0.224145 0.188320 0.026273 0.097926 0.182494 0.226729 0.211265 0.157484 
0.024881 0.094242 0.178479 0.225340 0.213377 0.161640 0.024663 0.093656 0.177830 0.225103 0.213708 0.162311 
0.012144 0.056033 0.129270 0.198820 0.229342 0.211639 0.011195 0.052746 0.124262 0.195162 0.229887 0.216632 
0.031947 0.112205 0.197043 0.230685 0.202552 0.142281 0.011870 0.055091 0.127850 0.197801 0.229518 0.213057 
0.020700 0.082680 0.165122 0.219847 0.219531 0.175373 0.019215 0.078375 0.159838 0.217316 0.221597 0.180770 
0.054882 0.160986 0.236109 0.230858 0.169293 0.099317 0.027280 0.100542 0.185278 0.227619 0.209727 0.154593 
0.054882 0.160986 0.236109 0.230858 0.169293 0.099317 0.021965 0.086263 0.169388 0.221744 0.217711 0.171001 
0.077103 0.198870 0.256469 0.220501 0.142183 0.073345 0.071421 0.189870 0.252380 0.223646 0.148638 0.079029 
0.098625 0.229441 0.266885 0.206961 0.120368 0.056005 0.034017 0.117150 0.201726 0.231575 0.199380 0.137329 
0.057592 0.166020 0.239294 0.229939 0.165712 0.095540 0.021965 0.086263 0.169388 0.221744 0.217711 0.171001 
0.052308 0.156079 0.232859 0.231606 0.172770 0.103104 0.025832 0.096765 0.181240 0.226308 0.211938 0.158784 
0.077103 0.198870 0.256469 0.220501 0.142183 0.073345 0.035968 0.121696 0.205878 0.232195 0.196407 0.132908 
0.120289 0.255505 0.271360 0.192132 0.102027 0.043343 0.032179 0.112765 0.197582 0.230797 0.202197 0.141712 
0.114449 0.248890 0.270628 0.196176 0.106655 0.046388 0.032179 0.112765 0.197582 0.230797 0.202197 0.141712 
0.043223 0.137715 0.219390 0.233004 0.185597 0.118268 0.045060 0.141570 0.222392 0.232904 0.182935 0.114949 
0.049861 0.151299 0.229553 0.232188 0.176140 0.106897 0.021965 0.086263 0.169388 0.221744 0.217711 0.171001 
0.060443 0.171182 0.242406 0.228842 0.162028 0.091777 0.013699 0.061251 0.136927 0.204068 0.228098 0.203967 
0.047535 0.146646 0.226202 0.232611 0.179402 0.110691 0.042577 0.136342 0.218298 0.233013 0.186540 0.119469 
0.063443 0.176471 0.245433 0.227562 0.158245 0.088034 0.040240 0.131289 0.214174 0.232925 0.189987 0.123972 
0.035803 0.121316 0.205537 0.232150 0.196657 0.133273 0.019740 0.079911 0.161744 0.218252 0.220876 0.178825 
0.077103 0.198870 0.256469 0.220501 0.142183 0.073345 0.020820 0.083025 0.165538 0.220038 0.219360 0.174947 
0.054882 0.160986 0.236109 0.230858 0.169293 0.099317 0.032179 0.112765 0.197582 0.230797 0.202197 0.141712 
0.016641 0.070624 0.149861 0.211999 0.224926 0.190913 0.021965 0.086263 0.169388 0.221744 0.217711 0.171001 
0.016641 0.070624 0.149861 0.211999 0.224926 0.190913 0.017517 0.073304 0.153380 0.213954 0.223838 0.187342 
0.026166 0.097645 0.182192 0.226629 0.211428 0.157798 0.060406 0.171117 0.242367 0.228857 0.162075 0.091825 
0.036559 0.123054 0.207090 0.232345 0.195510 0.131611 0.027674 0.101557 0.186343 0.227943 0.209123 0.153485 
0.017732 0.073956 0.154225 0.214411 0.223563 0.186484 0.017517 0.073304 0.153380 0.213954 0.223838 0.187342 
0.015624 0.067449 0.145592 0.209510 0.226118 0.195234 0.020748 0.082817 0.165288 0.219923 0.219463 0.175203 
0.026166 0.097645 0.182192 0.226629 0.211428 0.157798 0.029341 0.105784 0.190694 0.229173 0.206562 0.148946 
0.048069 0.147723 0.226990 0.232526 0.178648 0.109803 0.026110 0.097497 0.182032 0.226575 0.211514 0.157964 
0.044868 0.141171 0.222086 0.232919 0.183211 0.115289 0.026110 0.097497 0.182032 0.226575 0.211514 0.157964 
0.031947 0.112205 0.197043 0.230685 0.202552 0.142281 0.033009 0.114758 0.199483 0.231173 0.200923 0.139705 
0.014674 0.064424 0.141419 0.206955 0.227146 0.199445 0.017517 0.073304 0.153380 0.213954 0.223838 0.187342 
0.018902 0.077452 0.158681 0.216736 0.222022 0.181950 0.010718 0.051065 0.121643 0.193177 0.230084 0.219234 
0.013788 0.061543 0.137345 0.204343 0.228016 0.203546 0.035026 0.119514 0.203904 0.231920 0.197840 0.135014 
0.020157 0.081118 0.163226 0.218962 0.220297 0.177312 0.033009 0.114758 0.199483 0.231173 0.200923 0.139705 
0.009569 0.046911 0.114990 0.187910 0.230305 0.225811 0.015671 0.067599 0.145796 0.209632 0.226064 0.195028 
0.026166 0.097645 0.182192 0.226629 0.211428 0.157798 0.016566 0.070391 0.149551 0.211823 0.225017 0.191227 
0.016641 0.070624 0.149861 0.211999 0.224926 0.190913 0.026110 0.097497 0.182032 0.226575 0.211514 0.157964 
0.074035 0.194063 0.254343 0.222230 0.145629 0.076346 0.053478 0.158325 0.234364 0.231282 0.171180 0.101357 
0.074035 0.194063 0.254343 0.222230 0.145629 0.076346 0.044518 0.140441 0.221523 0.232944 0.183716 0.115913 
0.100724 0.232157 0.267547 0.205554 0.118444 0.054600 0.118949 0.254013 0.271220 0.193061 0.103069 0.044020 
0.125766 0.261456 0.271771 0.188329 0.097880 0.040697 0.064372 0.178080 0.246322 0.227142 0.157092 0.086916 
0.077345 0.199243 0.256629 0.220362 0.141915 0.073116 0.044518 0.140441 0.221523 0.232944 0.183716 0.115913 
0.070874 0.188979 0.251950 0.223935 0.149277 0.079607 0.051072 0.153679 0.231217 0.231917 0.174464 0.104995 
0.100724 0.232157 0.267547 0.205554 0.118444 0.054600 0.067446 0.183310 0.249107 0.225681 0.153344 0.083354 
0.150363 0.285410 0.270873 0.171385 0.081328 0.030874 0.061446 0.172966 0.243445 0.228428 0.160753 0.090502 
0.143786 0.279423 0.271505 0.175875 0.085446 0.033210 0.061446 0.172966 0.243445 0.228428 0.160753 0.090502 
0.115056 0.249591 0.270719 0.195757 0.106164 0.046060 0.074065 0.194111 0.254364 0.222214 0.145595 0.076315 
0.059578 0.169631 0.241488 0.229188 0.163136 0.092896 0.081368 0.205352 0.259128 0.217991 0.137538 0.069422 
0.080809 0.204515 0.258798 0.218326 0.138137 0.069921 0.029714 0.106717 0.191636 0.229419 0.205988 0.147961 
0.064968 0.179105 0.246880 0.226868 0.156358 0.086210 0.077627 0.199678 0.256814 0.220199 0.141603 0.072848 
0.084436 0.209878 0.260842 0.216121 0.134300 0.066765 0.074065 0.194111 0.254364 0.222214 0.145595 0.076315 
0.050166 0.151902 0.229978 0.232123 0.175716 0.106413 0.040651 0.132187 0.214920 0.232955 0.189377 0.123162 
0.100724 0.232157 0.267547 0.205554 0.118444 0.054600 0.042538 0.136257 0.218231 0.233013 0.186598 0.119543 
0.074035 0.194063 0.254343 0.222230 0.145629 0.076346 0.061446 0.172966 0.243445 0.228428 0.160753 0.090502 
0.061828 0.173642 0.243834 0.228266 0.160270 0.090022 0.042577 0.136342 0.218298 0.233013 0.186540 0.119469 
0.061828 0.173642 0.243834 0.228266 0.160270 0.090022 0.035026 0.119514 0.203904 0.231920 0.197840 0.135014 
0.085772 0.211814 0.261539 0.215291 0.132916 0.065648 0.100240 0.231534 0.267399 0.205879 0.118885 0.054920 
0.108672 0.242057 0.269579 0.200153 0.111456 0.049651 0.051894 0.155278 0.232314 0.231714 0.173336 0.103733 
0.064767 0.178760 0.246693 0.226961 0.156605 0.086448 0.035026 0.119514 0.203904 0.231920 0.197840 0.135014 
0.059029 0.168640 0.240893 0.229402 0.163844 0.093616 0.040539 0.131942 0.214716 0.232947 0.189544 0.123383 
0.085772 0.211814 0.261539 0.215291 0.132916 0.065648 0.054546 0.160352 0.235697 0.230963 0.169743 0.099800 
0.131500 0.267433 0.271942 0.184351 0.093729 0.038124 0.049377 0.150341 0.228874 0.232287 0.176813 0.107670 
0.125366 0.261030 0.271750 0.188607 0.098176 0.040883 0.049377 0.150341 0.228874 0.232287 0.176813 0.107670 
0.098833 0.229712 0.266953 0.206822 0.120176 0.055864 0.060292 0.170912 0.242247 0.228904 0.162221 0.091972 
0.049106 0.149800 0.228488 0.232340 0.177193 0.108108 0.066679 0.182019 0.248434 0.226056 0.154270 0.084224 
0.056364 0.163755 0.237880 0.230371 0.167325 0.097226 0.035026 0.119514 0.203904 0.231920 0.197840 0.135014 
0.053826 0.158987 0.234802 0.231181 0.170711 0.100847 0.063401 0.176398 0.245392 0.227581 0.158298 0.088085 
0.071095 0.189339 0.252124 0.223819 0.149019 0.079373 0.060292 0.170912 0.242247 0.228904 0.162221 0.091972 
0.040936 0.132808 0.215431 0.232972 0.188955 0.122604 0.031801 0.111851 0.196701 0.230612 0.202777 0.142641 
0.085772 0.211814 0.261539 0.215291 0.132916 0.065648 0.033371 0.115622 0.200298 0.231324 0.200367 0.138842 
0.061828 0.173642 0.243834 0.228266 0.160270 0.090022 0.049377 0.150341 0.228874 0.232287 0.176813 0.107670 
0.043354 0.137992 0.219610 0.233000 0.185406 0.118027 0.056643 0.164272 0.238205 0.230275 0.166957 0.096839 
0.043354 0.137992 0.219610 0.233000 0.185406 0.118027 0.047298 0.146166 0.225848 0.232646 0.179737 0.111088 
0.062404 0.174656 0.244413 0.228019 0.159544 0.089306 0.124166 0.259743 0.271677 0.189440 0.099072 0.041450 
0.081317 0.205276 0.259098 0.218022 0.137593 0.069468 0.067962 0.184175 0.249553 0.225426 0.152723 0.082775 
0.045646 0.142784 0.223318 0.232850 0.182092 0.113918 0.047298 0.146166 0.225848 0.232646 0.179737 0.111088 
0.041184 0.133345 0.215873 0.232984 0.188589 0.122123 0.054137 0.159577 0.235191 0.231088 0.170293 0.100393 
0.062404 0.174656 0.244413 0.228019 0.159544 0.089306 0.071149 0.189427 0.252167 0.223790 0.148956 0.079316 
0.100724 0.232157 0.267547 0.205554 0.118444 0.054600 0.064926 0.179032 0.246841 0.226887 0.156410 0.086260 
0.095460 0.225263 0.265783 0.209061 0.123333 0.058207 0.064926 0.179032 0.246841 0.226887 0.156410 0.086260 
0.073117 0.192601 0.253669 0.222734 0.146679 0.077275 0.078000 0.200252 0.257056 0.219982 0.141192 0.072497 
0.033599 0.116162 0.200805 0.231415 0.200019 0.138306 0.085544 0.211486 0.261423 0.215433 0.133151 0.065836 
0.039129 0.128841 0.212116 0.232810 0.191642 0.126204 0.047298 0.146166 0.225848 0.232646 0.179737 0.111088 
0.048069 0.147723 0.226990 0.232526 0.178648 0.109803 0.031772 0.111781 0.196633 0.230598 0.202821 0.142713 
0.050628 0.152811 0.230614 0.232020 0.175076 0.105686 0.078000 0.200252 0.257056 0.219982 0.141192 0.072497 
0.027497 0.101101 0.185866 0.227799 0.209395 0.153982 0.043254 0.137781 0.219443 0.233003 0.185551 0.118210 
0.062404 0.174656 0.244413 0.228019 0.159544 0.089306 0.045228 0.141919 0.222659 0.232890 0.182693 0.114652 
0.043354 0.137992 0.219610 0.233000 0.185406 0.118027 0.064926 0.179032 0.246841 0.226887 0.156410 0.086260 
0.036414 0.122721 0.206794 0.232310 0.195730 0.131928 0.023179 0.089629 0.173291 0.223363 0.215927 0.166991 
0.036414 0.122721 0.206794 0.232310 0.195730 0.131928 0.018528 0.076343 0.157281 0.216020 0.222522 0.183376 
0.053333 0.158047 0.234180 0.231324 0.171377 0.101572 0.062981 0.175665 0.244982 0.227767 0.158822 0.088597 
0.070434 0.188261 0.251600 0.224166 0.149792 0.080075 0.029130 0.105255 0.190157 0.229029 0.206886 0.149507 
0.038431 0.127285 0.210787 0.232712 0.192689 0.127639 0.018528 0.076343 0.157281 0.216020 0.222522 0.183376 
0.034510 0.118311 0.202800 0.231751 0.198626 0.136188 0.021907 0.086101 0.169198 0.221662 0.217795 0.171197 
0.053333 0.158047 0.234180 0.231324 0.171377 0.101572 0.030864 0.109563 0.194468 0.230113 0.204218 0.144990 
0.088232 0.215328 0.262749 0.213743 0.130408 0.063651 0.027501 0.101112 0.185877 0.227802 0.209388 0.153970 
0.083383 0.208337 0.260271 0.216768 0.135402 0.067662 0.027501 0.101112 0.185877 0.227802 0.209388 0.153970 
0.062987 0.175675 0.244988 0.227765 0.158815 0.088590 0.034675 0.118696 0.203155 0.231806 0.198374 0.135811 
0.027902 0.102140 0.186952 0.228125 0.208773 0.152851 0.038997 0.128547 0.211866 0.232793 0.191840 0.126473 
0.032713 0.114051 0.198812 0.231044 0.201376 0.140414 0.018528 0.076343 0.157281 0.216020 0.222522 0.183376 
0.040568 0.132005 0.214769 0.232949 0.189501 0.123325 0.011390 0.053428 0.125313 0.195945 0.229790 0.215585 
0.031017 0.109938 0.194837 0.230198 0.203983 0.144603 0.036768 0.123530 0.207512 0.232394 0.195194 0.131159 
0.022642 0.088149 0.171587 0.222670 0.216720 0.168743 0.016594 0.070479 0.149668 0.211889 0.224983 0.191108 
0.053333 0.158047 0.234180 0.231324 0.171377 0.101572 0.017532 0.073350 0.153440 0.213987 0.223819 0.187282 
0.036414 0.122721 0.206794 0.232310 0.195730 0.131928 0.027501 0.101112 0.185877 0.227802 0.209388 0.153970 
0.043354 0.137992 0.219610 0.233000 0.185406 0.118027 0.016852 0.071274 0.150722 0.212485 0.224668 0.190040 
0.043354 0.137992 0.219610 0.233000 0.185406 0.118027 0.013292 0.059903 0.134982 0.202774 0.228460 0.205919 
0.062404 0.174656 0.244413 0.228019 0.159544 0.089306 0.049101 0.149790 0.228481 0.232341 0.177200 0.108116 
0.081317 0.205276 0.259098 0.218022 0.137593 0.069468 0.021488 0.084921 0.167804 0.221055 0.218403 0.172626 
0.045646 0.142784 0.223318 0.232850 0.182092 0.113918 0.013292 0.059903 0.134982 0.202774 0.228460 0.205919 
0.041184 0.133345 0.215873 0.232984 0.188589 0.122123 0.015873 0.068233 0.146656 0.210142 0.225834 0.194158 
0.062404 0.174656 0.244413 0.228019 0.159544 0.089306 0.022854 0.088734 0.172262 0.222947 0.216408 0.168049 
0.100724 0.232157 0.267547 0.205554 0.118444 0.054600 0.020211 0.081274 0.163417 0.219052 0.220221 0.177117 
0.095460 0.225263 0.265783 0.209061 0.123333 0.058207 0.020211 0.081274 0.163417 0.219052 0.220221 0.177117 
0.073117 0.192601 0.253669 0.222734 0.146679 0.077275 0.025878 0.096886 0.181372 0.226353 0.211868 0.158647 
0.033599 0.116162 0.200805 0.231415 0.200019 0.138306 0.029341 0.105784 0.190694 0.229173 0.206562 0.148946 
0.039129 0.128841 0.212116 0.232810 0.191642 0.126204 0.013292 0.059903 0.134982 0.202774 0.228460 0.205919 
0.048069 0.147723 0.226990 0.232526 0.178648 0.109803 0.007959 0.040837 0.104761 0.179165 0.229810 0.235817 
0.037184 0.124477 0.208347 0.232485 0.194565 0.130263 0.027550 0.101239 0.186010 0.227843 0.209313 0.153831 
0.050628 0.152811 0.230614 0.232020 0.175076 0.105686 0.025878 0.096886 0.181372 0.226353 0.211868 0.158647 
0.062404 0.174656 0.244413 0.228019 0.159544 0.089306 0.012538 0.057373 0.131269 0.200230 0.229064 0.209640 
0.043354 0.137992 0.219610 0.233000 0.185406 0.118027 0.020211 0.081274 0.163417 0.219052 0.220221 0.177117 
0.025864 0.096849 0.181332 0.226340 0.211889 0.158689 0.030448 0.108538 0.193455 0.229872 0.204859 0.146054 
0.025864 0.096849 0.181332 0.226340 0.211889 0.158689 0.024641 0.093598 0.177765 0.225079 0.213741 0.162378 
0.039129 0.128841 0.212116 0.232810 0.191642 0.126204 0.077701 0.199793 0.256862 0.220156 0.141521 0.072778 
0.053007 0.157423 0.233764 0.231416 0.171819 0.102056 0.037761 0.125780 0.209486 0.232599 0.193696 0.129040 
0.027417 0.100895 0.185649 0.227733 0.209518 0.154207 0.024641 0.093598 0.177765 0.225079 0.213741 0.162378 
0.024406 0.092965 0.177061 0.224819 0.214094 0.163105 0.028869 0.104597 0.189486 0.228847 0.207288 0.150208 
0.039129 0.128841 0.212116 0.232810 0.191642 0.126204 0.039870 0.130477 0.213496 0.232892 0.190537 0.124709 
0.067853 0.183993 0.249459 0.225480 0.152854 0.082896 0.035771 0.121242 0.205470 0.232141 0.196706 0.133344 
0.063771 0.177041 0.245749 0.227415 0.157837 0.087637 0.035771 0.121242 0.205470 0.232141 0.196706 0.133344 
0.046912 0.145381 0.225267 0.232701 0.180285 0.111740 0.044477 0.140354 0.221456 0.232947 0.183776 0.115987 
0.019408 0.078940 0.160542 0.217665 0.221334 0.180052 0.049656 0.150893 0.229266 0.232231 0.176425 0.107224 
0.023037 0.089238 0.172842 0.223182 0.216138 0.167452 0.024641 0.093598 0.177765 0.225079 0.213741 0.162378 
0.029071 0.105107 0.190006 0.228989 0.206977 0.149665 0.015525 0.067138 0.145168 0.209256 0.226229 0.195662 
0.021751 0.085661 0.168680 0.221438 0.218023 0.171728 0.046990 0.145540 0.225385 0.232690 0.180174 0.111608 
0.030834 0.109490 0.194396 0.230096 0.204264 0.145066 0.044477 0.140354 0.221456 0.232947 0.183776 0.115987 
0.015509 0.067086 0.145096 0.209213 0.226247 0.195735 0.022198 0.086915 0.170152 0.222069 0.217371 0.170217 
0.025864 0.096849 0.181332 0.226340 0.211889 0.158689 0.035771 0.121242 0.205470 0.232141 0.196706 0.133344 
0.025864 0.096849 0.181332 0.226340 0.211889 0.158689 0.053478 0.158325 0.234364 0.231282 0.171180 0.101357 
0.025864 0.096849 0.181332 0.226340 0.211889 0.158689 0.044518 0.140441 0.221523 0.232944 0.183716 0.115913 
0.039129 0.128841 0.212116 0.232810 0.191642 0.126204 0.118949 0.254013 0.271220 0.193061 0.103069 0.044020 
0.053007 0.157423 0.233764 0.231416 0.171819 0.102056 0.064372 0.178080 0.246322 0.227142 0.157092 0.086916 
0.027417 0.100895 0.185649 0.227733 0.209518 0.154207 0.044518 0.140441 0.221523 0.232944 0.183716 0.115913 
0.024406 0.092965 0.177061 0.224819 0.214094 0.163105 0.051072 0.153679 0.231217 0.231917 0.174464 0.104995 
0.039129 0.128841 0.212116 0.232810 0.191642 0.126204 0.067446 0.183310 0.249107 0.225681 0.153344 0.083354 
0.067853 0.183993 0.249459 0.225480 0.152854 0.082896 0.061446 0.172966 0.243445 0.228428 0.160753 0.090502 
0.063771 0.177041 0.245749 0.227415 0.157837 0.087637 0.061446 0.172966 0.243445 0.228428 0.160753 0.090502 
0.046912 0.145381 0.225267 0.232701 0.180285 0.111740 0.074065 0.194111 0.254364 0.222214 0.145595 0.076315 
0.019408 0.078940 0.160542 0.217665 0.221334 0.180052 0.081368 0.205352 0.259128 0.217991 0.137538 0.069422 
0.023037 0.089238 0.172842 0.223182 0.216138 0.167452 0.044518 0.140441 0.221523 0.232944 0.183716 0.115913 
0.029071 0.105107 0.190006 0.228989 0.206977 0.149665 0.029714 0.106717 0.191636 0.229419 0.205988 0.147961 
0.021751 0.085661 0.168680 0.221438 0.218023 0.171728 0.077627 0.199678 0.256814 0.220199 0.141603 0.072848 
0.030834 0.109490 0.194396 0.230096 0.204264 0.145066 0.074065 0.194111 0.254364 0.222214 0.145595 0.076315 
0.015509 0.067086 0.145096 0.209213 0.226247 0.195735 0.040651 0.132187 0.214920 0.232955 0.189377 0.123162 
0.039129 0.128841 0.212116 0.232810 0.191642 0.126204 0.042538 0.136257 0.218231 0.233013 0.186598 0.119543 
