AROUCA 1.000000 0.827027 1.054054 1.032787
BELENENSES 1.000000 0.827027 1.054054 1.032787
BENFICA 1.000000 0.827027 1.054054 1.032787
BOAVISTA 1.000000 0.827027 1.054054 1.032787
DESP.CHAVES 1.000000 0.827027 1.054054 1.032787
ESTORIL 1.000000 0.827027 1.054054 1.032787
FC.PORTO 1.000000 0.827027 1.054054 1.032787
FEIRENSE 1.000000 0.827027 1.054054 1.032787
MARITIMO 1.000000 0.827027 1.054054 1.032787
MOREIRENSE 1.000000 0.827027 1.054054 1.032787
NACIONAL 1.000000 0.827027 1.054054 1.032787
P.FERREIRA 1.000000 0.827027 1.054054 1.032787
RIOAVE 1.000000 0.827027 1.054054 1.032787
SP.BRAGA 1.000000 0.827027 1.054054 1.032787
SPORTING 1.000000 0.827027 1.054054 1.032787
TONDELA 1.000000 0.827027 1.054054 1.032787
V.GUIMARAES 1.000000 0.827027 1.054054 1.032787
V.SETUBAL 1.000000 0.827027 1.054054 1.032787