AROUCA 0.909091 0.973850 1.103697 0.842975
BELENENSES 0.909091 0.973850 1.103697 0.842975
BENFICA 0.909091 0.973850 1.103697 0.842975
BOAVISTA 0.909091 0.973850 1.103697 0.842975
DESP.CHAVES 0.909091 0.973850 1.103697 0.842975
ESTORIL 0.909091 0.973850 1.103697 0.842975
FC.PORTO 0.909091 0.973850 1.103697 0.842975
FEIRENSE 0.909091 0.973850 1.103697 0.842975
MARITIMO 0.909091 0.973850 1.103697 0.842975
MOREIRENSE 0.909091 0.973850 1.103697 0.842975
NACIONAL 0.909091 0.973850 1.103697 0.842975
P.FERREIRA 0.909091 0.973850 1.103697 0.842975
RIOAVE 0.909091 0.973850 1.103697 0.842975
SP.BRAGA 0.909091 0.973850 1.103697 0.842975
SPORTING 0.909091 0.973850 1.103697 0.842975
TONDELA 0.909091 0.973850 1.103697 0.842975
V.GUIMARAES 0.909091 0.973850 1.103697 0.842975
V.SETUBAL 0.909091 0.973850 1.103697 0.842975